2
0
-1.047021508216858 -1.958033561706543 -0.3856189548969269 -1.047021508216858 -1.958033561706543 0.27051761746406555 -1.4358009099960327 0.18971490859985352 -0.7743983268737793 -1.4358009099960327 0.18971490859985352 0.659296989440918 0.9100207090377808 -1.958033561706543 -0.3856189548969269 0.9100207090377808 -1.958033561706543 0.27051761746406555 1.2988001108169556 0.18971490859985352 -0.7743983268737793 1.2988001108169556 0.18971490859985352 0.659296989440918 2.3466880321502686 0.18971490859985352 0.659296989440918 2.3466880321502686 0.18971490859985352 -0.7743983268737793 2.3466880321502686 -1.958033561706543 -0.7743983268737793 2.3466880321502686 -1.958033561706543 0.659296989440918 -2.354661226272583 0.18971490859985352 -0.7743983268737793 -2.354661226272583 -1.958033561706543 -0.7743983268737793 -2.354661226272583 -1.958033561706543 0.659296989440918 -2.354661226272583 0.18971490859985352 0.659296989440918 -1.4358009099960327 -4.77408504486084 -0.7743983268737793 -1.4358009099960327 -4.77408504486084 0.659296989440918 1.2988001108169556 -4.77408504486084 0.659296989440918 1.2988001108169556 -4.77408504486084 -0.7743983268737793 2.3466880321502686 -4.77408504486084 0.659296989440918 2.3466880321502686 -4.77408504486084 -0.7743983268737793 -2.354661226272583 -4.77408504486084 -0.7743983268737793 -2.354661226272583 -4.77408504486084 0.659296989440918 -1.4358009099960327 -1.958033561706543 -0.7743983268737793 -1.4358009099960327 -1.958033561706543 0.659296989440918 1.2988001108169556 -1.958033561706543 0.659296989440918 1.2988001108169556 -1.958033561706543 -0.7743983268737793 -0.5441485047340393 -9.505815505981445 -0.21702097356319427 -0.5441485047340393 -9.505815505981445 0.10191963613033295 0.40714770555496216 -9.505815505981445 0.10191963613033295 0.40714770555496216 -9.505815505981445 -0.21702097356319427 
-0.2911572754383087 -0.9137356281280518 -0.2833983302116394 -0.3052753210067749 -0.9519501328468323 0.02444879524409771 0.0 0.7071067094802856 -0.7071067690849304 0.0 0.7071067690849304 0.7071068286895752 0.29115748405456543 -0.913735568523407 -0.2833983302116394 0.3055253028869629 -0.9521839022636414 0.0 0.0 0.7071067094802856 -0.7071068286895752 0.0 0.7071067094802856 0.7071067690849304 0.5773502588272095 0.5773503184318542 0.5773503184318542 0.5773503184318542 0.5773502588272095 -0.5773503184318542 0.7071067094802856 0.0 -0.7071067690849304 0.7071068286895752 0.0 0.7071068286895752 -0.5773503184318542 0.577350378036499 -0.5773503184318542 -0.7071067690849304 0.0 -0.7071067094802856 -0.7071068286895752 0.0 0.7071068286895752 -0.5773503184318542 0.5773503184318542 0.577350378036499 0.5773503184318542 -0.577350378036499 -0.5773503184318542 0.577350378036499 -0.5773503184318542 0.5773502588272095 -0.5773503184318542 -0.577350378036499 0.5773503184318542 -0.577350378036499 -0.5773503184318542 -0.5773502588272095 0.577350378036499 -0.5773503184318542 0.5773502588272095 0.5773503184318542 -0.577350378036499 -0.5773503184318542 -0.577350378036499 -0.5773503184318542 -0.5773502588272095 -0.5773503184318542 -0.577350378036499 0.5773503184318542 0.30151134729385376 -0.30151134729385376 -0.9045340418815613 0.30151134729385376 -0.30151131749153137 0.9045340418815613 -0.30151137709617615 -0.30151134729385376 0.9045340418815613 -0.30151134729385376 -0.30151131749153137 -0.9045340418815613 -0.5570912957191467 -0.6004472970962524 -0.5736832618713379 -0.5570909976959229 -0.600447416305542 0.5736832022666931 0.5864278674125671 -0.6299513578414917 0.5091793537139893 0.5570910573005676 -0.600447416305542 -0.5736832618713379 
2 15 3 3 6 2 24 22 13 6 24 2 3 26 7 8 10 9 6 10 27 26 8 7 7 9 6 14 12 13 27 18 26 3 14 25 24 12 2 19 20 18 17 22 16 10 19 27 25 16 24 13 23 14 26 20 11 14 17 25 11 21 10 1 24 0 4 26 5 0 27 4 5 25 1 30 28 31 5 31 4 4 28 0 0 29 1 2 12 15 3 7 6 24 16 22 1 29 30 6 27 24 3 25 26 8 11 10 6 9 10 26 11 8 7 8 9 14 15 12 27 19 18 3 15 14 24 13 12 19 21 20 17 23 22 10 21 19 25 17 16 13 22 23 26 18 20 14 23 17 11 20 21 1 25 24 4 27 26 0 24 27 5 26 25 30 29 28 5 30 31 4 31 28 0 28 29 
1
-1.047021508216858 -1.958033561706543 0.27051761746406555 0.9100207090377808 -1.958033561706543 0.27051761746406555 0.40714770555496216 -9.505815505981445 0.10191963613033295 
0.0 -0.022331850603222847 0.9997506737709045 0.0 -0.022331848740577698 0.999750554561615 0.0 -0.022331850603222847 0.9997506141662598 
0 2 1 

